image_width: 320
image_height: 240
camera_name: cozmo_camera
camera_matrix:
  rows: 3
  cols: 3
  data: [289.985976, 0.000000, 163.674570, 0.000000, 289.757290, 114.686581, 0.000000, 0.000000, 1.000000]
distortion_model: plumb_bob
distortion_coefficients:
  rows: 1
  cols: 5
  data: [0.020986, -0.017557, 0.000328, 0.003950, 0.000000]
rectification_matrix:
  rows: 3
  cols: 3
  data: [1.000000, 0.000000, 0.000000, 0.000000, 1.000000, 0.000000, 0.000000, 0.000000, 1.000000]
projection_matrix:
  rows: 3
  cols: 4
  data: [290.808838, 0.000000, 164.381354, 0.000000, 0.000000, 291.473663, 114.291681, 0.000000, 0.000000, 0.000000, 1.000000, 0.000000]
